660
798
785
542
639
91
292
958
55
857
609
518
91
886
191
813
974
753
231
964
998
478
326
257
207
397
518
917
51
913
452
52
445
79
286
698
653
116
163
431
165
15
653
411
454
727
516
523
561
990
719
941
534
592
626
597
689
583
35
671
877
342
391
949
15
943
225
188
623
898
833
788
42
673
882
210
417
572
923
340
509
263
262
520
835
740
318
50
25
212
68
229
477
249
302
213
546
658
121
928
538
588
504
11
831
472
546
209
732
940
955
849
218
196
354
952
898
924
356
564
15
257
111
459
696
365
949
650
534
347
352
338
592
317
390
702
5
975
569
20
349
278
280
405
87
649
586
830
850
333
117
874
699
867
599
645
918
585
454
407
352
453
586
588
743
442
200
504
844
490
419
38
400
814
309
723
719
972
800
224
546
973
316
351
973
935
631
748
928
896
10
833
127
612
370
351
210
71
123
707
383
368
680
759
476
480
182
642
137
636
257
120
404
928
188
263
654
309
494
827
51
793
969
845
179
349
196
438
585
965
666
389
814
485
874
876
679
881
745
932
733
473
684
456
153
631
291
126
751
276
579
219
602
419
842
312
266
332
746
897
761
1
628
470
85
865
778
764
399
588
345
36
845
509
334
589
46
625
29
513
484
401
121
580
567
459
391
62
827
389
398
949
250
81
165
897
459
468
493
540
934
988
282
719
872
177
673
991
100
317
77
28
264
730
609
779
138
166
857
138
637
106
268
955
150
216
884
500
541
944
957
450
166
675
90
373
918
199
84
860
243
538
880
336
348
933
455
887
280
439
382
7
322
229
391
657
906
841
895
778
310
626
355
172
142
409
129
707
648
416
924
502
285
96
396
762
756
992
520
200
925
550
318
609
916
620
477
731
532
521
504
33
106
245
819
880
57
210
171
84
862
981
30
978
147
572
169
659
241
741
531
569
928
599
617
458
975
570
720
987
563
430
914
525
461
757
133
144
798
628
705
206
252
465
597
307
432
263
966
338
261
92
1000
55
455
781
202
485
235
761
601
838
669
164
292
423
751
618
273
537
90
225
226
888
632
402
652
346
875
753
966
532
168
50
964
503
686
306
646
369
46
285
396
646
635
256
489
923
648
787
324
185
719
377
712
372
167
387
562
910
907
956
479
327
765
785
963
880
831
876
390
367
791
578
765
503
766
698
241
484
89
324
446
38
808
936
595
793
424
103
651
447
352
315
360
663
117
10
594
672
337
270
51
384
318
613
860
737
371
285
14
273
756
98
591
346
715
430
607
900
244
100
495
634
431
869
795
164
897
429
960
428
582
929
589
471
385
535
304
297
349
539
653
107
119
172
626
456
511
231
541
788
378
577
124
664
506
900
662
717
922
709
344
704
124
606
338
678
581
303
743
760
744
204
510
354
297
40
558
903
569
173
441
35
726
737
314
766
809
861
367
55
217
930
799
960
688
862
400
514
724
19
984
207
786
433
214
579
233
454
227
288
46
264
401
162
425
252
733
63
277
130
73
662
429
388
476
245
11
774
117
951
255
285
244
264
799
931
562
216
262
656
113
910
458
537
143
269
642
878
292
439
233
491
95
830
392
596
45
688
3
165
368
90
634
408
177
411
475
970
568
633
503
409
799
53
993
917
423
320
725
193
420
157
431
150
880
446
609
883
997
115
628
381
12
427
757
913
549
73
509
422
646
593
533
888
915
558
335
890
984
803
142
72
787
787
700
977
431
721
90
756
296
110
687
617
43
794
719
216
479
813
789
391
575
121
55
887
37
592
63
633
669
169
700
753
688
570
410
484
911
491
486
246
561
929
830
984
354
580
43
5
741
900
705
456
689
340
944
558
700
116
620
477
49
881
793
633
486
789
847
220
45
278
381
415
794
194
376
398
647
709
904
784
166
804
358
807
244
478
675
878
890
581
848
791
861
712
652
751
95
841
931
534
717
750
123
491
346
177
950
464
811
948
522
532
564
799
873
261
656
451
572
262
641
610
35
873
591
360
49
878
92
665
477
226
237
110
380
749
359
984
122
538
291
90
981
896
138
942
403
337
531
498
662
86
107
396
525
950
982
860
901
585
613
758
415
523
948
915
6
425
78
743
204
762
888
339
779
405
885
178
170
128
91
979
301
259
633
988
675
454
1000
422
383
255
901
783
77
380
855
450
333
61
410
178
798
883
654
475
221
257
204
90
910
341
611
119
896
485
450
778
793
14
394
382
957
122
326
546
454
703
138
715
529
419
943
411
365
974
490
223
10
605
51
432
519
178
66
458
380
952
634
671
825
760
335
382
147
285
280
308
912
929
846
791
440
729
248
566
77
890
966
79
692
257
792
129
515
505
653
261
401
158
779
872
64
391
777
46
641
957
670
409
388
524
367
635
487
194
241
388
780
851
506
42
466
36
24
885
715
777
695
442
525
182
848
421
977
339
17
547
372
129
213
662
456
218
371
455
988
499
969
953
962
755
576
972
385
583
827
480
173
737
235
789
357
554
592
133
606
70
827
507
784
894
344
849
50
766
81
422
810
492
40
627
892
405
346
500
840
646
565
493
328
502
309
674
458
312
859
103
485
553
991
822
558
177
327
312
730
571
226
693
151
268
875
333
371
38
649
483
222
454
573
320
398
493
206
412
920
581
687
717
111
882
360
979
589
71
853
840
325
152
600
666
184
544
744
132
360
309
833
293
253
152
896
165
779
924
128
281
806
889
87
777
616
266
98
7
963
497
24
556
451
754
989
859
258
565
501
892
885
571
122
392
272
474
866
446
139
470
466
842
134
472
669
579
727
253
224
675
560
785
817
962
605
527
517
721
567
102
337
621
723
478
289
767
386
347
215
193
144
278
418
973
964
21
465
19
266
344
771
987
773
460
565
319
36
559
367
953
443
638
741
565
622
929
317
142
182
374
91
845
854
722
518
219
400
64
670
659
34
958
723
75
114
757
209
8
798
225
436
448
648
441
634
553
406
114
433
247
191
147
386
656
385
665
514
350
344
115
198
31
28
490
457
943
867
655
979
527
515
653
403
650
185
991
95
979
207
520
204
674
136
384
533
532
345
620
938
781
685
907
412
120
864
648
534
35
722
533
354
421
581
524
314
587
47
485
67
86
118
990
281
461
878
362
643
274
142
867
469
689
274
196
251
901
914
912
162
327
879
120
392
636
301
151
51
438
231
215
221
811
924
168
992
904
604
214
47
188
542
482
785
301
129
98
34
626
104
989
463
761
571
65
125
804
664
30
252
391
339
162
695
249
161
941
821
125
583
298
698
315
404
479
796
331
331
449
631
131
397
485
402
170
360
552
133
715
305
729
37
756
457
576
368
798
706
129
726
125
184
526
915
830
996
527
738
837
212
749
330
54
623
993
34
267
324
244
296
573
146
544
28
678
684
328
992
184
772
253
99
139
892
120
480
258
297
402
774
777
618
961
472
879
532
198
563
84
406
334
254
490
26
192
838
913
638
773
859
514
605
369
516
796
130
250
669
99
781
64
991
14
213
48
133
342
894
461
584
146
292
878
934
25
297
511
500
549
118
779
622
376
765
428
312
287
134
632
852
712
676
284
966
321
119
375
208
284
975
748
312
785
146
84
827
711
598
276
462
404
93
323
676
886
574
103
868
966
597
153
938
979
523
125
200
342
234
384
110
843
207
462
894
253
494
557
180
453
332
899
805
332
889
571
569
466
994
481
503
286
46
107
392
9
717
908
331
743
772
956
573
112
434
533
692
548
48
124
635
566
612
328
484
337
141
945
285
678
467
932
149
999
247
560
119
763
532
133
402
584
676
950
738
11
244
898
940
757
450
748
806
838
744
659
28
170
639
618
490
178
724
407
383
785
758
226
656
421
567
718
767
232
128
398
287
391
987
911
735
433
199
527
146
262
568
632
500
390
590
863
787
532
115
945
626
49
304
728
668
290
489
856
811
303
893
481
502
543
927
357
401
133
872
361
938
210
645
58
132
39
626
556
41
203
830
781
873
580
76
701
100
142
285
56
562
422
485
811
387
185
987
755
711
258
276
400
965
570
123
844
347
406
690
441
958
127
98
392
376
412
610
411
251
877
270
125
762
741
87
677
649
207
530
915
532
946
631
657
723
78
590
688
419
206
190
843
920
991
8
738
850
348
426
808
708
729
876
677
243
741
691
766
2
703
992
633
310
834
302
46
649
592
92
57
538
837
617
918
527
828
299
931
877
468
374
997
401
810
781
173
366
936
91
431
216
88
313
245
630
230
261
993
169
873
87
493
914
429
146
699
720
381
440
546
453
101
451
599
743
798
325
393
177
711
308
943
490
520
652
326
609
94
890
155
496
49
176
4
780
93
851
766
811
949
691
110
59
592
138
97
704
567
73
302
921
159
573
46
917
873
420
795
224
156
139
810
613
315
499
757
419
80
114
405
305
910
85
617
955
712
839
974
475
268
760
248
780
981
159
539
417
621
225
739
840
488
93
85
254
674
189
299
656
792
616
55
407
789
232
719
754
563
734
45
815
816
845
433
26
726
916
564
905
561
450
424
49
344
649
975
499
630
998
243
419
600
774
43
705
449
879
603
886
708
773
887
612
483
207
212
590
229
304
985
70
60
450
928
447
826
604
868
510
244
807
230
99
192
55
463
891
6
283
101
384
857
443
838
186
810
678
291
958
459
231
525
995
508
450
2
391
61
367
801
372
169
148
184
970
915
304
605
408
519
623
641
682
103
959
893
408
684
506
641
888
697
870
942
173
543
590
619
202
722
434
426
52
57
310
744
380
844
80
199
277
318
9
103
570
32
536
225
839
91
474
228
111
726
348
433
153
117
89
463
389
507
612
201
770
128
925
211
847
404
635
408
927
356
205
699
713
529
130
801
332
479
57
929
928
832
551
636
404
261
560
384
970
832
297
631
127
177
775
799
33
506
199
510
968
67
617
67
599
193
940
623
22
413
680
314
965
333
204
282
597
174
923
917
886
908
131
739
328
306
17
918
190
30
832
798
435
243
187
339
477
43
553
4
148
50
425
144
455
393
371
745
140
203
731
778
58
70
691
268
336
816
317
121
990
343
300
881
790
193
270
252
667
292
822
768
842
735
252
710
974
787
941
249
905
805
310
622
564
596
648
995
753
306
755
703
184
119
819
219
290
680
244
63
89
372
221
619
732
158
137
684
906
238
715
1
429
667
335
445
516
448
164
190
24
996
756
959
13
140
813
974
661
201
315
405
411
567
915
196
102
142
60
930
263
573
825
658
467
802
256
134
528
536
69
718
727
500
816
718
292
495
238
550
381
957
601
564
204
594
390
303
609
815
746
871
550
275
766
292
107
578
661
850
747
312
314
368
352
742
894
151
236
184
77
269
444
55
539
203
868
879
766
973
412
323
156
439
806
157
764
674
388
682
837
960
50
170
262
134
53
210
397
573
163
766
480
469
552
985
627
256
162
793
655
402
382
123
862
267
242
327
988
54
436
793
915
708
184
637
367
56
829
89
524
73
886
170
279
227
780
505
876
164
4
467
179
624
191
635
8
56
99
170
476
220
31
360
799
342
108
726
36
726
291
695
634
931
867
511
568
579
291
109
147
457
634
337
709
737
340
803
368
701
609
839
261
464
188
139
796
1
793
289
696
132
930
508
351
70
774
543
77
473
253
815
660
130
688
76
75
120
802
914
425
550
358
976
98
314
56
907
443
759
555
496
14
660
532
340
809
903
950
652
997
817
279
484
316
292
37
183
920
617
793
836
566
837
236
883
185
175
645
978
364
205
415
873
274
124
547
96
11
326
98
234
318
313
424
162
338
616
640
953
998
316
290
320
461
456
374
783
496
593
694
114
887
638
589
874
549
382
663
57
419
721
428
587
330
945
52
977
622
541
314
439
950
55
971
982
363
900
19
905
449
168
960
173
242
276
337
232
551
183
575
665
990
97
788
348
705
577
127
831
598
425
907
756
725
964
300
248
231
144
32
751
637
973
932
622
799
4
681
17
6
635
338
952
393
205
894
71
248
380
865
568
906
777
781
22
366
251
514
520
169
189
141
587
767
916
337
945
704
150
904
935
520
218
709
958
358
362
602
288
429
224
405
409
519
154
299
950
929
663
740
205
295
505
951
657
304
381
417
628
324
330
214
548
579
271
428
365
276
306
977
115
904
493
66
899
689
248
631
610
915
133
916
27
513
207
771
501
470
178
791
552
491
917
663
74
20
250
908
969
436
206
579
992
607
829
35
603
611
845
14
429
802
774
44
922
115
759
610
9
549
86
193
434
456
370
886
864
528
718
573
829
233
613
144
451
877
773
458
943
412
544
803
361
175
653
750
777
456
527
378
958
497
541
873
296
58
855
231
465
333
547
489
2
969
404
416
242
365
929
574
157
102
1000
177
396
957
900
343
294
224
135
260
618
54
253
497
88
625
539
630
82
931
480
414
279
916
133
549
523
496
723
322
383
421
415
986
615
264
205
916
46
174
739
859
138
320
540
788
518
731
553
626
344
119
729
374
667
49
42
499
696
502
850
218
224
11
461
225
126
728
428
860
424
884
253
230
164
180
861
554
510
598
937
748
730
734
207
915
323
593
977
74
985
270
167
178
484
681
816
428
520
458
869
639
109
577
318
78
255
666
577
584
670
981
586
970
495
282
201
501
463
778
42
484
35
365
355
848
88
852
57
306
134
857
593
229
406
632
346
3
14
181
706
689
318
21
921
253
144
107
867
267
778
846
535
361
892
713
212
450
3
611
752
807
760
673
356
138
372
570
445
523
695
232
445
279
858
966
532
91
459
794
761
333
780
55
247
539
961
531
192
424
891
406
103
953
417
253
84
614
685
263
810
890
319
384
296
880
569
513
573
234
309
351
896
391
689
191
111
451
19
312
4
487
501
448
141
693
609
18
634
725
676
287
912
961
976
4
289
469
310
811
33
753
645
480
809
545
446
926
566
43
387
860
262
173
581
678
370
998
455
783
88
653
663
678
942
906
923
805
928
740
659
153
459
15
722
120
227
295
788
878
424
982
213
500
699
270
260
993
71
946
557
880
780
976
572
833
529
157
737
823
258
894
257
448
238
711
950
465
607
783
101
762
310
212
46
119
695
870
35
827
784
712
923
281
609
614
888
900
415
964
257
592
469
766
22
733
908
434
48
670
805
758
867
556
405
708
988
98
270
453
494
606
112
983
742
702
953
534
441
377
811
774
241
766
795
300
173
327
286
294
625
597
266
234
251
114
543
973
375
178
466
89
67
869
159
912
429
890
168
283
638
459
520
72
517
33
2
982
412
51
56
192
183
288
426
697
904
888
446
261
884
855
503
268
380
663
874
874
456
33
192
956
717
468
586
444
179
514
691
273
303
878
934
495
321
785
510
758
363
857
479
888
484
617
586
149
123
459
279
826
12
539
456
229
709
594
825
568
992
777
707
581
288
32
709
232
736
351
96
592
89
520
955
419
959
151
230
513
166
190
867
245
867
358
953
382
755
286
216
844
841
890
361
648
548
915
662
953
258
267
277
676
32
368
553
705
142
115
656
220
237
486
749
613
750
501
465
132
742
738
833
826
145
397
681
250
239
724
450
766
357
841
849
590
724
529
489
507
699
879
373
318
90
564
258
361
275
873
749
13
629
443
31
619
951
490
856
697
179
407
376
1000
613
389
844
591
302
886
163
240
269
517
19
509
395
964
23
192
418
631
241
718
510
386
295
294
872
715
41
317
915
804
339
339
65
881
135
574
415
534
758
849
596
693
790
232
820
556
955
272
534
783
717
641
370
553
79
139
608
653
98
343
658
78
147
281
935
145
661
288
695
503
54
594
565
965
248
422
947
998
129
451
196
733
235
366
4
959
754
507
44
64
444
138
869
201
704
555
449
451
385
152
378
155
516
17
852
902
885
653
978
732
196
851
251
308
442
515
516
544
748
805
546
881
559
496
339
94
731
80
198
348
472
864
548
313
300
165
125
811
544
97
179
777
270
196
606
402
679
871
245
86
967
809
670
427
876
358
118
180
741
824
682
9
748
267
922
602
771
274
31
637
597
142
738
137
397
973
811
886
860
744
561
674
405
879
760
241
854
268
296
37
870
602
439
795
640
639
516
295
125
721
211
151
63
256
107
635
752
244
277
536
285
170
315
885
216
189
965
623
783
172
969
511
621
790
729
588
881
902
575
999
139
521
823
677
807
93
641
362
972
49
946
622
930
828
98
443
458
385
35
937
99
570
860
413
495
417
200
390
102
458
111
320
786
655
129
239
745
128
761
973
24
314
878
112
228
224
116
505
245
737
96
866
936
149
239
94
840
420
115
232
328
787
360
447
107
499
309
589
114
225
896
892
901
413
118
653
492
755
194
627
398
94
807
213
385
887
268
766
765
908
44
963
230
646
665
762
266
700
233
567
418
675
682
699
57
4
116
199
29
970
244
328
641
15
41
425
186
435
218
708
64
430
107
543
272
867
883
731
603
172
741
353
587
138
845
49
583
974
621
852
298
76
285
817
344
104
52
473
21
228
431
35
231
268
766
877
178
429
510
681
305
846
916
476
577
142
498
244
925
44
859
896
72
805
248
501
971
699
569
880
780
334
116
206
26
353
386
463
640
737
543
33
980
186
66
44
284
17
414
611
731
146
274
506
973
175
569
9
550
894
715
909
105
798
519
134
49
731
787
832
757
624
306
754
210
955
34
137
681
874
270
776
874
674
497
68
628
837
409
201
27
291
944
159
177
34
741
420
616
857
124
352
98
939
647
119
683
342
952
761
245
223
72
762
298
754
554
425
55
451
344
810
577
471
587
764
885
830
923
900
929
171
70
393
692
724
42
997
386
486
474
569
694
617
205
724
945
80
8
101
980
408
449
128
338
668
835
666
451
600
795
860
435
784
646
244
323
687
948
655
226
877
742
764
236
507
893
984
498
66
466
36
855
162
988
343
657
595
777
161
929
167
496
938
102
957
921
816
627
777
442
236
345
579
809
592
119
373
698
95
22
741
668
415
721
483
758
153
788
411
76
33
757
581
781
578
1
770
86
150
366
682
124
339
889
363
822
829
186
206
158
529
166
979
987
345
497
272
13
336
162
38
355
549
315
806
768
642
993
210
285
631
363
29
154
157
682
707
872
997
970
151
219
657
975
460
830
622
775
831
846
617
77
847
997
497
255
623
996
586
274
364
157
814
274
259
920
664
548
313
956
132
657
672
826
713
963
308
529
739
403
79
570
556
484
967
599
86
178
127
457
740
667
603
597
763
77
779
461
766
128
427
195
334
921
800
230
343
114
758
98
347
743
698
449
29
238
237
432
488
983
727
326
522
907
836
500
50
72
800
701
415
866
144
521
508
946
180
11
683
413
334
856
197
795
562
198
301
629
149
959
365
544
492
276
129
573
614
488
370
601
992
265
702
41
233
472
616
604
33
555
796
737
594
547
619
229
303
495
723
564
678
767
238
518
87
931
155
145
603
58
578
167
86
28
48
364
331
406
284
912
32
774
966
888
480
721
479
339
322
462
555
361
515
437
864
638
145
984
945
645
895
174
549
919
670
604
265
986
881
484
238
721
84
901
881
728
413
951
21
176
207
406
174
925
258
216
266
952
457
911
226
995
968
453
673
637
111
845
893
385
788
115
826
464
150
988
913
326
41
950
454
121
317
174
310
650
350
732
777
489
97
653
345
462
647
113
771
79
46
58
394
133
295
945
625
878
95
898
499
389
244
353
615
205
396
646
989
107
982
55
451
295
516
482
121
615
151
698
468
880
533
742
216
306
1
444
667
159
291
283
141
743
570
172
394
834
61
247
66
917
135
540
899
41
989
431
732
479
884
481
282
44
416
493
58
328
176
813
839
811
609
664
978
876
482
485
409
358
503
20
598
954
593
870
708
157
279
968
433
880
464
817
867
573
660
358
204
717
473
605
274
146
201
268
65
266
896
930
138
483
965
630
921
189
593
769
186
149
326
709
82
853
802
183
587
719
968
364
814
125
671
235
28
289
141
75
50
384
41
634
260
446
68
565
146
576
594
828
823
31
137
526
563
581
402
910
450
915
341
249
772
617
176
136
102
851
888
203
883
36
987
942
711
713
102
384
91
745
551
47
868
665
564
244
535
239
217
153
258
20
911
803
74
928
224
669
744
366
252
265
799
572
481
742
339
554
761
343
17
77
940
264
280
209
390
27
855
172
963
560
788
192
936
8
428
127
586
397
879
387
623
568
972
749
518
513
236
31
306
122
209
51
90
577
89
602
857
996
441
376
996
90
114
883
16
500
49
934
710
415
261
63
349
429
454
491
695
876
560
91
631
702
922
847
757
156
206
741
524
853
306
258
267
736
664
638
986
758
711
307
434
698
977
108
472
701
683
725
774
464
290
542
1000
290
794
181
552
552
847
725
479
665
76
214
212
716
118
14
511
121
8
715
895
110
538
48
504
90
152
665
172
23
405
24
823
209
330
985
713
199
777
32
577
754
788
214
187
92
521
730
595
277
74
468
487
458
667
923
512
335
27
646
83
157
177
927
442
911
84
478
222
669
376
282
80
543
945
558
474
553
854
991
88
642
43
442
651
491
796
470
597
33
883
256
929
675
505
177
533
211
967
676
69
225
545
654
351
613
635
166
643
575
137
93
155
58
895
5
621
105
99
942
146
526
176
904
129
287
626
810
88
289
785
764
945
571
736
353
322
186
748
806
178
236
339
692
592
757
127
940
732
162
352
521
240
223
428
873
244
605
335
753
921
600
804
384
961
352
417
369
280
404
699
939
917
780
409
122
955
709
630
898
386
812
888
453
376
900
53
165
262
296
882
809
116
8
279
385
833
757
577
749
59
937
217
720
274
945
167
123
910
58
157
557
278
865
198
892
925
810
692
406
530
517
137
908
977
810
212
560
753
504
663
12
725
302
272
629
646
921
676
291
224
909
238
596
333
421
422
108
600
578
71
605
104
876
501
197
624
786
71
267
686
477
442
863
617
196
364
189
868
357
2
721
434
261
734
13
672
447
708
924
336
226
968
274
284
916
530
22
279
993
474
32
489
124
544
4
873
566
935
549
468
768
400
627
329
208
485
109
860
464
377
34
207
204
546
748
943
99
756
42
901
2
98
646
821
61
12
988
682
44
82
564
288
567
635
268
862
720
915
748
355
353
45
884
175
681
627
399
487
992
873
975
440
465
307
204
418
634
512
696
686
663
27
601
765
784
182
244
778
558
657
517
607
824
258
458
20
929
829
272
291
658
71
517
643
118
524
251
344
158
395
194
720
930
342
964
825
425
341
422
489
726
311
11
912
810
330
110
552
836
931
450
179
943
631
77
901
198
865
746
938
749
536
399
836
795
243
839
260
225
404
153
65
2
422
586
63
445
861
357
164
906
356
192
976
487
103
971
836
266
975
983
44
972
810
78
204
23
69
120
564
904
898
867
678
259
687
749
221
919
605
566
963
647
445
564
370
676
478
36
187
744
493
448
556
497
56
21
110
114
204
963
29
739
45
761
847
948
970
271
4
333
263
711
314
653
911
405
15
909
291
571
415
650
105
233
762
215
908
978
396
511
419
354
346
465
517
940
314
160
401
799
507
562
916
18
386
778
995
875
628
105
681
753
641
36
698
783
445
4
125
802
94
862
506
736
12
528
720
854
571
859
568
662
95
831
164
133
760
653
333
572
903
562
976
464
207
884
537
171
967
308
124
893
435
88
216
407
681
888
141
562
732
4
234
848
695
252
139
946
650
394
534
419
511
619
630
861
257
203
934
57
778
842
566
164
784
14
533
538
707
329
516
268
758
540
420
694
702
609
40
18
187
713
641
394
75
666
876
944
122
853
228
49
405
678
380
34
592
790
424
511
18
250
33
783
706
400
808
954
635
39
419
833
148
542
364
247
175
322
381
904
28
538
17
405
508
584
979
238
71
13
943
30
623
884
311
611
14
804
213
159
374
508
955
920
246
879
313
294
196
99
420
609
21
864
389
868
345
74
2
359
94
976
809
687
917
675
37
511
574
113
987
769
932
22
152
929
272
790
941
949
478
462
190
190
859
518
569
502
793
90
239
221
284
24
473
82
633
239
336
393
747
608
52
345
21
73
544
69
386
520
101
453
892
634
416
967
250
368
691
411
595
961
94
509
700
753
527
829
336
580
539
114
151
388
111
722
91
812
573
308
483
894
271
626
798
134
149
646
411
228
772
579
819
745
316
345
647
879
650
630
261
546
241
282
759
382
574
912
216
903
605
370
902
874
518
833
845
313
426
156
767
521
761
631
604
122
129
949
684
421
656
316
249
594
481
301
296
729
659
487
958
851
993
118
873
502
532
656
623
152
779
893
746
870
334
775
245
368
646
582
801
581
366
11
87
881
67
103
328
75
821
573
978
905
336
822
719
558
414
255
901
468
620
854
386
930
634
208
708
460
568
143
189
426
105
342
94
344
415
352
918
377
106
101
712
638
515
939
739
454
347
433
734
337
661
771
461
142
170
671
666
227
233
654
573
141
644
597
186
426
766
38
431
592
433
322
513
97
845
938
940
767
1000
23
382
209
634
962
538
461
672
424
239
380
261
769
74
889
927
990
932
203
643
428
502
224
560
930
165
832
872
894
10
473
658
364
437
997
403
885
838
596
62
376
403
182
20
203
756
336
660
274
173
467
430
263
487
848
593
617
515
157
670
267
519
466
557
830
978
239
742
778
721
993
598
756
534
321
410
581
522
369
246
859
932
794
671
567
265
435
326
315
126
545
293
677
966
621
336
732
480
653
17
435
996
632
450
76
928
387
626
311
250
756
649
689
140
456
507
66
105
512
636
951
352
191
2
803
775
611
548
525
940
304
437
486
19
319
114
224
281
998
42
369
997
85
446
761
83
210
230
750
667
364
714
947
507
569
484
150
702
387
88
589
74
73
700
791
606
11
674
185
910
868
384
454
990
95
531
545
838
458
617
771
623
567
668
409
573
653
301
338
478
279
196
214
572
43
893
418
802
52
159
443
710
338
538
271
97
32
320
878
986
868
736
541
757
843
363
715
390
863
652
134
250
968
885
675
153
434
455
617
222
124
233
899
426
856
731
231
895
200
367
481
327
659
908
986
947
390
909
602
501
945
609
993
477
486
631
586
22
150
158
813
393
262
557
828
145
137
570
776
998
879
887
934
56
405
360
80
291
404
408
109
973
493
845
427
947
578
92
794
431
133
925
926
60
209
833
747
35
709
435
622
861
620
207
845
133
608
331
164
749
963
821
892
942
746
256
518
738
864
950
762
978
286
356
116
648
387
433
628
666
731
319
998
488
437
292
229
598
112
551
245
566
812
766
726
604
411
684
41
296
897
402
256
930
886
977
864
990
716
700
591
707
213
616
666
395
688
429
787
405
525
359
595
975
414
840
761
486
663
276
360
28
849
438
433
686
197
376
247
65
977
510
262
635
779
583
280
837
860
380
247
999
723
796
212
401
406
10
54
675
707
519
592
710
655
358
773
77
644
363
345
249
578
231
88
680
476
179
131
247
485
623
961
321
964
649
303
698
527
696
592
525
278
949
491
354
266
781
814
177
254
177
741
488
729
466
673
73
373
120
512
777
911
248
962
974
625
392
349
671
75
737
579
930
504
1
471
480
734
317
850
112
46
753
420
792
915
210
127
506
824
612
606
9
618
269
204
210
895
732
419
527
393
180
271
645
811
870
530
268
283
402
513
95
576
820
983
96
264
184
813
285
508
662
592
386
888
449
10
315
915
67
277
592
585
367
425
200
131
920
372
918
933
6
771
225
640
470
644
361
266
60
362
13
117
736
679
249
922
377
198
334
468
458
87
947
478
375
678
45
885
865
802
871
501
938
704
646
967
408
547
645
613
49
858
714
867
118
791
140
41
350
901
719
369
265
693
193
363
530
705
543
42
879
778
644
180
543
596
917
282
74
769
254
971
527
680
337
493
305
622
515
815
265
77
419
562
432
403
673
21
608
100
599
87
944
430
218
670
919
101
703
224
106
558
552
132
885
379
546
853
229
165
964
342
736
328
447
137
716
327
306
265
411
67
76
994
697
686
812
84
814
730
912
874
107
394
699
538
288
241
619
275
106
767
376
246
329
480
946
306
953
990
407
141
532
293
45
336
104
147
375
459
845
294
313
864
227
826
900
443
593
86
877
102
226
874
942
56
160
744
539
532
376
980
573
283
589
314
622
201
978
743
221
861
136
846
332
245
590
593
975
929
135
415
989
820
455
702
91
765
503
759
796
380
890
895
790
310
248
37
911
991
687
207
15
226
690
855
347
79
619
649
167
764
570
503
534
946
558
646
671
73
60
746
190
631
63
980
31
265
414
851
803
267
835
220
12
988
363
931
361
837
961
305
168
255
513
173
354
919
68
203
353
316
578
38
316
927
638
236
901
35
761
157
983
425
549
160
385
915
871
762
438
986
944
849
806
99
204
18
975
103
358
805
782
184
502
842
633
950
573
497
267
666
151
188
588
838
122
566
153
514
252
235
916
476
553
337
905
837
630
573
763
364
36
469
570
933
868
388
775
713
637
638
167
439
278
767
290
112
181
768
318
267
600
815
15
470
720
25
970
575
411
259
808
947
689
100
37
836
784
242
497
672
787
95
779
255
634
94
913
567
84
375
518
365
741
492
922
227
616
348
275
788
966
795
834
550
820
536
144
995
612
277
75
847
730
995
774
593
591
870
457
58
634
688
831
410
275
281
863
156
864
920
136
195
928
290
519
454
169
872
160
37
470
692
507
346
982
698
172
264
980
165
446
97
590
107
307
305
605
174
144
499
599
452
950
223
43
107
1000
451
297
39
576
644
701
488
917
478
722
499
529
272
890
504
583
620
673
647
558
211
228
761
126
362
476
627
800
247
124
698
795
501
121
498
929
656
754
180
46
254
885
562
629
404
199
706
291
344
938
59
343
213
277
622
255
30
38
826
465
594
834
516
544
712
907
544
762
496
552
639
196
125
328
278
58
265
584
164
217
610
330
70
723
231
101
633
277
240
567
420
186
257
371
125
989
378
816
701
781
20
314
385
134
176
246
191
599
131
670
451
328
131
23
575
638
749
777
53
933
202
829
943
195
164
743
133
751
707
415
685
482
994
902
808
844
722
625
342
697
321
486
485
254
406
970
107
846
835
698
436
936
625
418
480
350
823
224
357
860
414
433
376
409
977
438
586
59
546
969
540
274
576
264
595
51
649
105
797
648
434
963
699
351
837
705
632
376
330
819
559
964
853
93
134
35
847
271
34
557
642
733
162
212
66
526
605
736
883
628
472
63
846
409
17
923
490
107
755
435
898
603
439
217
3
161
7
120
951
351
480
802
31
11
727
869
754
357
227
681
381
156
341
699
434
256
751
182
345
801
47
528
673
718
390
31
170
536
492
443
154
867
511
277
573
659
77
819
201
200
676
486
828
812
938
593
555
196
445
200
996
467
158
718
178
329
89
206
54
350
776
289
239
877
46
420
91
491
717
785
579
184
367
536
311
109
688
725
852
65
37
465
615
594
551
43
191
342
820
896
619
925
722
6
773
700
246
834
485
417
80
1
218
408
766
403
959
731
82
177
519
953
273
675
475
934
626
621
670
156
751
988
280
95
23
264
277
732
322
213
63
176
344
36
406
763
786
566
7
851
22
998
644
552
81
543
337
638
270
657
679
335
220
657
895
897
815
328
369
184
446
548
196
664
645
764
181
832
421
958
882
257
819
933
13
349
738
164
890
550
647
991
346
927
226
836
33
236
486
379
340
959
19
113
345
453
677
493
488
177
325
630
247
504
980
932
778
899
238
869
460
830
874
270
219
966
533
512
548
312
3
119
214
238
517
79
167
398
152
601
389
205
522
776
641
725
587
541
104
23
2
296
680
212
449
365
529
888
682
222
493
286
443
880
702
348
78
333
250
890
369
928
311
207
371
158
8
543
587
552
465
304
314
446
928
254
997
810
952
748
691
199
421
860
737
667
116
30
447
867
187
475
639
250
733
265
227
905
215
690
643
802
933
522
974
616
899
402
911
331
476
245
319
331
849
281
207
208
530
334
2
356
831
705
443
890
354
145
160
624
866
310
934
687
131
252
181
157
813
622
693
304
6
511
398
976
291
627
934
259
564
176
936
603
484
410
230
789
175
98
98
882
378
76
846
722
965
703
616
184
482
634
570
90
251
948
62
963
31
130
357
918
799
333
199
355
212
850
60
65
309
556
448
931
823
629
752
718
790
617
451
699
840
1000
943
431
137
36
476
428
288
179
177
651
406
751
56
783
106
667
987
342
702
400
88
770
290
593
796
712
540
302
28
265
74
246
177
513
93
641
520
568
887
427
866
692
789
72
10
449
600
740
116
815
169
745
365
525
542
906
816
264
809
57
57
543
987
706
597
718
15
40
814
405
981
623
28
568
771
437
808
337
371
447
106
195
731
703
506
602
828
227
927
80
463
209
994
301
399
85
929
319
244
998
315
136
314
577
802
269
147
735
565
517
13
13
908
991
663
348
729
88
796
234
397
525
214
18
372
396
994
9
32
764
870
487
837
275
387
835
439
804
195
695
246
588
670
616
335
438
180
231
585
650
730
380
420
929
822
535
691
687
356
728
652
817
806
904
121
696
277
412
83
700
899
68
203
590
750
764
310
421
39
967
1000
485
460
161
371
221
529
483
993
731
63
971
483
929
27
199
16
838
980
949
230
65
254
174
677
513
578
141
536
381
15
233
82
494
745
27
901
312
210
355
400
201
540
34
679
959
431
744
678
73
398
19
771
342
275
318
374
981
768
591
579
980
271
665
56
603
156
724
152
23
715
367
853
302
820
497
647
670
631
871
175
302
457
866
952
505
387
341
259
534
829
626
629
852
620
681
776
826
149
163
794
806
14
551
909
793
789
870
626
57
874
980
913
960
514
80
271
44
516
922
925
992
803
347
564
311
451
246
923
731
863
347
306
294
830
84
694
450
829
90
476
835
996
420
513
834
523
474
732
43
927
969
966
475
21
765
472
293
169
298
343
235
479
277
88
692
765
103
359
95
800
284
564
540
928
83
795
257
320
104
663
965
181
650
772
675
75
196
378
875
272
958
614
718
60
599
730
984
20
773
783
678
898
632
639
732
535
493
321
924
292
655
943
171
506
810
575
742
571
70
776
206
991
275
70
723
855
832
37
848
655
61
721
633
881
495
521
494
135
368
477
46
60
917
533
463
377
795
946
616
380
832
832
657
605
122
714
83
879
327
913
581
690
372
82
456
795
789
408
54
863
670
833
162
309
476
483
519
888
405
824
657
800
285
708
353
678
521
642
629
676
960
263
5
488
403
939
315
556
904
108
171
192
419
168
474
409
340
434
632
269
99
668
637
258
254
488
682
973
6
519
181
52
775
320
751
586
943
998
265
237
741
326
737
781
958
688
73
215
887
36
706
593
637
101
53
291
213
758
541
745
80
918
612
228
148
716
213
245
60
702
646
364
134
391
60
671
518
661
515
346
762
772
677
809
847
981
626
256
188
696
929
772
520
899
717
641
639
348
622
456
674
101
942
297
441
146
58
773
41
20
930
913
197
728
877
570
669
226
637
398
432
195
845
592
61
278
904
797
688
827
408
252
868
217
626
809
960
722
688
161
317
382
412
49
354
220
487
212
632
451
502
126
998
588
830
454
534
913
267
598
675
939
655
394
915
961
347
348
988
720
740
285
635
604
272
852
665
401
801
997
146
74
972
321
443
286
826
816
778
255
741
557
772
88
457
287
441
764
427
206
14
426
424
862
838
43
143
406
840
730
767
908
986
643
218
505
787
201
550
808
697
428
259
435
450
608
397
834
459
92
866
865
534
519
907
377
258
331
374
97
59
286
533
822
724
663
354
319
975
215
125
366
409
857
282
456
957
569
794
354
640
775
871
330
134
367
74
637
223
397
840
370
927
465
476
876
154
820
771
858
414
939
340
277
364
521
516
522
776
612
350
241
615
502
813
860
854
501
561
674
740
856
849
455
524
982
739
552
972
624
909
644
295
643
462
303
990
275
915
170
625
521
268
790
804
953
338
504
792
591
63
710
70
861
116
979
934
466
84
95
54
256
521
653
699
230
539
236
663
333
416
291
357
318
974
259
729
255
136
533
681
851
683
171
270
283
434
609
449
445
762
887
835
486
613
800
565
107
808
762
761
45
454
493
53
477
769
684
66
836
353
28
814
132
868
780
2
707
15
144
961
998
856
831
122
167
783
604
222
547
454
216
146
67
553
112
694
489
68
594
541
829
125
572
263
862
682
279
662
152
168
608
527
877
935
166
344
571
694
327
877
500
831
472
527
848
204
485
347
163
537
389
540
367
40
616
33
486
589
105
737
84
897
504
279
871
842
712
962
864
856
497
252
557
167
591
168
526
12
890
51
744
851
554
530
192
6
540
622
709
37
965
264
79
781
106
40
439
616
872
368
314
75
218
144
419
371
835
452
33
871
578
835
993
218
565
849
213
327
766
150
843
491
68
974
523
492
828
667
15
223
807
777
33
723
795
185
577
98
684
52
135
391
476
819
218
605
888
366
494
863
840
412
261
719
635
607
143
291
987
53
572
658
333
96
140
250
232
227
924
285
947
96
596
615
632
929
221
754
836
928
618
239
73
216
781
341
978
509
269
617
857
389
287
973
164
685
604
971
542
912
471
191
553
668
388
935
667
505
631
95
623
814
899
337
475
617
55
715
967
669
657
813
65
251
288
139
961
665
250
50
324
759
743
395
293
599
980
477
395
925
52
630
846
382
197
716
150
665
107
575
887
353
395
893
141
901
840
620
521
726
985
317
946
18
132
325
607
628
936
203
574
263
332
711
827
482
891
30
517
14
194
168
196
584
347
889
101
703
408
200
726
879
542
194
355
969
700
132
970
133
434
482
609
856
364
438
519
378
761
25
235
661
143
289
968
951
57
761
216
325
402
49
438
694
348
536
480
229
332
944
413
154
64
630
764
530
355
590
134
434
834
754
199
363
943
220
781
355
142
212
837
155
945
392
474
321
163
591
829
973
408
577
268
922
34
633
302
885
421
941
702
787
85
951
112
580
134
22
330
558
980
306
35
151
624
715
96
676
458
605
205
348
663
721
755
282
1
80
338
887
766
23
335
534
935
402
466
865
30
624
117
5
566
997
400
951
877
708
30
106
928
628
768
229
413
258
71
1000
771
641
217
13
229
86
718
760
6
264
816
824
36
572
641
650
483
924
480
826
642
821
400
160
384
805
235
406
304
801
49
404
22
123
476
934
617
693
274
693
124
15
775
70
164
3
893
257
451
183
496
615
710
937
37
113
822
394
275
836
909
738
158
634
439
169
163
707
83
995
869
978
2
310
527
630
992
894
949
760
353
560
804
299
98
360
405
824
94
539
327
182
158
823
278
123
214
794
182
907
958
259
840
113
831
781
80
34
638
687
432
493
247
158
769
589
305
148
845
790
793
451
351
121
666
926
137
395
227
805
767
325
218
205
777
683
348
634
539
921
395
170
917
570
352
676
491
541
459
54
805
130
381
69
17
313
787
316
487
344
429
110
652
649
786
431
388
189
130
810
374
786
159
750
452
248
905
66
662
473
973
472
31
800
576
93
1000
186
191
417
58
758
126
488
422
15
319
497
611
983
898
793
520
113
110
594
247
605
417
332
500
141
615
151
296
348
287
955
427
493
185
652
940
800
448
359
162
36
99
257
218
571
663
335
717
803
152
65
353
480
197
974
869
43
974
979
449
934
279
168
599
139
481
406
460
774
362
741
738
115
422
315
337
45
944
433
115
42
674
768
917
318
702
942
794
9
963
941
957
554
350
698
344
517
372
842
418
486
169
741
451
228
47
781
487
564
428
918
230
271
806
40
574
872
156
533
222
672
250
653
783
109
620
567
615
810
868
475
664
720
672
177
552
572
338
370
197
992
607
289
269
68
559
927
683
586
939
9
564
625
303
981
260
330
863
490
98
854
958
481
550
107
605
168
288
840
26
725
937
232
387
431
2
881
601
755
335
488
56
892
270
458
519
894
810
16
863
935
183
96
986
778
73
220
218
533
803
551
779
699
169
67
806
154
785
514
13
568
594
55
836
401
725
764
480
856
641
30
960
825
943
791
73
345
482
549
20
584
887
246
357
635
707
713
933
530
604
109
109
928
869
636
649
663
75
407
654
212
777
61
18
566
105
305
397
405
846
804
851
157
709
464
730
885
556
928
328
380
835
147
888
255
457
659
387
925
527
262
719
721
770
728
711
523
160
917
792
871
833
34
948
106
196
397
489
301
118
445
346
893
730
605
93
250
519
419
174
310
539
958
571
478
996
238
92
370
75
443
408
669
239
571
777
404
646
685
927
14
765
268
891
941
655
830
98
811
773
238
282
892
407
759
552
764
206
715
938
347
146
630
377
619
729
589
298
11
62
749
722
884
909
394
877
158
700
343
47
159
306
392
296
352
607
880
685
471
277
59
41
738
748
312
264
7
875
929
535
113
256
828
329
430
97
854
333
149
120
305
424
589
580
618
455
122
697
184
203
619
823
445
443
632
3
890
640
281
798
598
727
795
389
821
933
523
306
883
267
359
675
283
770
660
867
466
302
279
456
832
759
576
557
504
737
865
974
118
947
849
680
801
504
980
179
652
412
252
324
206
990
120
181
757
874
99
717
697
861
134
437
295
777
299
570
699
918
777
928
295
385
194
978
183
520
933
348
492
670
19
63
876
291
419
786
912
904
479
61
532
488
418
644
765
880
273
533
613
671
647
688
746
141
527
525
990
723
378
558
192
631
992
985
296
609
533
458
947
645
259
634
204
558
176
918
417
49
699
666
606
544
139
67
955
878
117
359
864
121
84
596
991
114
249
901
765
867
134
639
319
839
116
559
990
690
350
152
636
333
391
486
98
574
835
724
787
999
679
292
189
827
280
375
358
139
344
989
138
296
627
405
741
659
619
90
53
101
950
984
242
274
34
871
603
961
85
11
160
590
368
312
425
391
939
249
198
599
188
252
996
699
196
56
927
112
86
403
368
575
776
351
11
610
632
197
981
991
252
724
310
27
538
357
297
340
487
939
138
759
989
402
761
773
3
279
247
700
540
12
648
846
65
464
883
808
688
954
427
188
846
588
901
169
386
680
665
414
344
400
531
2
168
82
755
540
395
609
750
219
270
853
15
800
28
755
237
732
930
478
563
140
744
2
566
74
744
440
548
65
784
643
139
515
796
188
139
945
390
784
415
818
320
66
431
67
541
589
950
244
922
553
505
5
377
731
886
400
306
733
597
24
754
8
808
526
220
47
879
670
917
966
277
557
103
966
690
239
235
603
888
155
517
549
802
754
751
907
993
261
314
765
709
294
402
964
53
434
991
497
140
761
931
429
775
734
424
100
253
717
613
823
505
883
898
376
193
784
329
757
7
6
176
518
64
912
352
221
275
795
413
685
883
645
681
102
400
25
46
218
87
732
947
616
684
446
350
186
700
270
183
587
520
919
165
751
616
149
530
602
705
78
69
628
89
785
754
666
966
68
64
672
424
870
362
904
39
469
191
661
944
507
814
551
724
433
904
285
962
711
450
513
807
819
196
952
127
826
32
973
956
762
129
571
444
632
63
433
317
21
786
536
199
820
898
125
398
477
230
295
422
586
355
806
318
989
585
103
879
983
530
5
689
693
946
858
630
881
777
71
312
640
968
388
449
665
345
859
698
315
486
325
752
500
131
989
591
807
462
501
548
834
8
113
417
480
139
747
942
105
794
368
69
65
571
66
495
326
421
427
190
483
103
675
857
866
768
211
751
93
975
76
8
646
923
765
440
731
248
465
550
999
260
991
730
67
754
151
848
901
74
296
751
356
53
986
631
112
650
991
482
61
262
93
67
706
600
198
899
979
237
291
398
417
61
463
269
348
268
494
414
724
282
838
156
2
951
991
430
215
745
595
893
123
665
989
834
974
15
216
490
132
855
442
665
19
931
59
69
190
787
603
55
900
825
99
931
575
720
4
884
708
82
76
197
412
617
317
652
461
902
541
302
880
829
875
902
938
532
79
749
127
548
356
307
187
461
987
859
725
686
191
683
108
876
784
630
357
813
858
386
699
97
90
150
507
938
768
284
130
602
600
578
592
694
505
825
455
951
482
327
241
794
297
665
254
657
625
312
82
468
659
242
163
894
88
410
546
887
603
604
651
910
52
944
996
742
393
545
55
141
690
132
156
209
459
933
878
745
222
663
959
10
572
309
836
947
527
702
146
717
581
729
473
801
72
778
610
763
239
241
884
32
824
949
572
429
808
602
252
726
838
634
693
134
407
939
159
998
214
436
376
496
822
782
97
983
571
414
923
349
492
670
903
212
54
310
488
741
922
6
451
642
264
101
262
107
44
70
233
649
444
792
284
995
380
507
245
510
80
286
506
442
949
630
549
362
705
419
64
594
25
195
104
846
180
165
996
532
335
459
770
554
107
872
295
116
305
456
553
716
453
453
261
737
783
911
578
68
796
488
394
364
470
712
145
691
351
553
304
131
412
957
573
843
279
783
567
271
246
697
596
812
626
315
482
455
909
816
774
598
34
298
415
728
336
192
508
84
908
250
873
864
448
173
697
53
208
696
251
530
83
78
948
659
459
123
484
612
651
940
593
658
855
